Initial Puzzle Board:
6 7 3
0 5 2
8 1 4

Steps to Solution:
Step 1:
6 7 3
0 5 2
8 1 4
Step 2:
0 7 3
6 5 2
8 1 4
Step 3:
7 0 3
6 5 2
8 1 4
Step 4:
7 3 0
6 5 2
8 1 4
Step 5:
7 3 2
6 5 0
8 1 4
Step 6:
7 3 2
6 5 4
8 1 0
Step 7:
7 3 2
6 5 4
8 0 1
Step 8:
7 3 2
6 5 4
0 8 1
Step 9:
7 3 2
0 5 4
6 8 1
Step 10:
0 3 2
7 5 4
6 8 1
Step 11:
3 0 2
7 5 4
6 8 1
Step 12:
3 2 0
7 5 4
6 8 1
Step 13:
3 2 4
7 5 0
6 8 1
Step 14:
3 2 4
7 5 1
6 8 0
Step 15:
3 2 4
7 5 1
6 0 8
Step 16:
3 2 4
7 5 1
0 6 8
Step 17:
3 2 4
0 5 1
7 6 8
Step 18:
3 2 4
5 0 1
7 6 8
Step 19:
3 2 4
5 1 0
7 6 8
Step 20:
3 2 0
5 1 4
7 6 8
Step 21:
3 0 2
5 1 4
7 6 8
Step 22:
3 1 2
5 0 4
7 6 8
Step 23:
3 1 2
5 6 4
7 0 8
Step 24:
3 1 2
5 6 4
7 8 0
Step 25:
3 1 2
5 6 0
7 8 4
Step 26:
3 1 2
5 0 6
7 8 4
Step 27:
3 1 2
0 5 6
7 8 4
Step 28:
0 1 2
3 5 6
7 8 4
Step 29:
1 0 2
3 5 6
7 8 4
Step 30:
1 2 0
3 5 6
7 8 4
Step 31:
1 2 6
3 5 0
7 8 4
Step 32:
1 2 6
3 5 4
7 8 0
Step 33:
1 2 6
3 5 4
7 0 8
Step 34:
1 2 6
3 0 4
7 5 8
Step 35:
1 2 6
3 4 0
7 5 8
Step 36:
1 2 0
3 4 6
7 5 8
Step 37:
1 0 2
3 4 6
7 5 8
Step 38:
0 1 2
3 4 6
7 5 8
Step 39:
3 1 2
0 4 6
7 5 8
Step 40:
3 1 2
4 0 6
7 5 8
Step 41:
3 1 2
4 5 6
7 0 8
Step 42:
3 1 2
4 5 6
7 8 0
Step 43:
3 1 2
4 5 0
7 8 6
Step 44:
3 1 2
4 0 5
7 8 6
Step 45:
3 0 2
4 1 5
7 8 6
Step 46:
0 3 2
4 1 5
7 8 6
Step 47:
4 3 2
0 1 5
7 8 6
Step 48:
4 3 2
1 0 5
7 8 6
Step 49:
4 3 2
1 5 0
7 8 6
Step 50:
4 3 0
1 5 2
7 8 6
Step 51:
4 0 3
1 5 2
7 8 6
Step 52:
0 4 3
1 5 2
7 8 6
Step 53:
1 4 3
0 5 2
7 8 6
Step 54:
1 4 3
5 0 2
7 8 6
Step 55:
1 4 3
5 2 0
7 8 6
Step 56:
1 4 0
5 2 3
7 8 6
Step 57:
1 0 4
5 2 3
7 8 6
Step 58:
1 2 4
5 0 3
7 8 6
Step 59:
1 2 4
0 5 3
7 8 6
Step 60:
0 2 4
1 5 3
7 8 6
Step 61:
2 0 4
1 5 3
7 8 6
Step 62:
2 4 0
1 5 3
7 8 6
Step 63:
2 4 3
1 5 0
7 8 6
Step 64:
2 4 3
1 0 5
7 8 6
Step 65:
2 0 3
1 4 5
7 8 6
Step 66:
0 2 3
1 4 5
7 8 6
Step 67:
1 2 3
0 4 5
7 8 6
Step 68:
1 2 3
4 0 5
7 8 6
Step 69:
1 2 3
4 5 0
7 8 6
Step 70:
1 2 3
4 5 6
7 8 0

Overall Cost of Solution: 69
